DATE_AS_AT,TOTALS_NATIONAL_TOTAL,TOTALS_NATIONAL_LAST_24HR,TOTALS_CWTH_ALL_TOTAL,TOTALS_CWTH_ALL_LAST_24HR,TOTALS_CWTH_PRIMARY_CARE_TOTAL,TOTALS_CWTH_PRIMARY_CARE_LAST_24HR,TOTALS_CWTH_AGED_CARE_TOTAL,TOTALS_CWTH_AGED_CARE_LAST_24HR,STATE_CLINICS_VIC_TOTAL,STATE_CLINICS_VIC_LAST_24HR,STATE_CLINICS_QLD_TOTAL,STATE_CLINICS_QLD_LAST_24HR,STATE_CLINICS_WA_TOTAL,STATE_CLINICS_WA_LAST_24HR,STATE_CLINICS_TAS_TOTAL,STATE_CLINICS_TAS_LAST_24HR,STATE_CLINICS_SA_TOTAL,STATE_CLINICS_SA_LAST_24HR,STATE_CLINICS_ACT_TOTAL,STATE_CLINICS_ACT_LAST_24HR,STATE_CLINICS_NT_TOTAL,STATE_CLINICS_NT_LAST_24HR,STATE_CLINICS_NSW_TOTAL,STATE_CLINICS_NSW_LAST_24HR,CWTH_AGED_CARE_VIC_TOTAL,CWTH_AGED_CARE_VIC_LAST_24HR,CWTH_AGED_CARE_QLD_TOTAL,CWTH_AGED_CARE_QLD_LAST_24HR,CWTH_AGED_CARE_WA_TOTAL,CWTH_AGED_CARE_WA_LAST_24HR,CWTH_AGED_CARE_TAS_TOTAL,CWTH_AGED_CARE_TAS_LAST_24HR,CWTH_AGED_CARE_SA_TOTAL,CWTH_AGED_CARE_SA_LAST_24HR,CWTH_AGED_CARE_ACT_TOTAL,CWTH_AGED_CARE_ACT_LAST_24HR,CWTH_AGED_CARE_NT_TOTAL,CWTH_AGED_CARE_NT_LAST_24HR,CWTH_AGED_CARE_NSW_TOTAL,CWTH_AGED_CARE_NSW_LAST_24HR,CWTH_PRIMARY_CARE_VIC_TOTAL,CWTH_PRIMARY_CARE_VIC_LAST_24HR,CWTH_PRIMARY_CARE_QLD_TOTAL,CWTH_PRIMARY_CARE_QLD_LAST_24HR,CWTH_PRIMARY_CARE_WA_TOTAL,CWTH_PRIMARY_CARE_WA_LAST_24HR,CWTH_PRIMARY_CARE_TAS_TOTAL,CWTH_PRIMARY_CARE_TAS_LAST_24HR,CWTH_PRIMARY_CARE_SA_TOTAL,CWTH_PRIMARY_CARE_SA_LAST_24HR,CWTH_PRIMARY_CARE_ACT_TOTAL,CWTH_PRIMARY_CARE_ACT_LAST_24HR,CWTH_PRIMARY_CARE_NT_TOTAL,CWTH_PRIMARY_CARE_NT_LAST_24HR,CWTH_PRIMARY_CARE_NSW_TOTAL,CWTH_PRIMARY_CARE_NSW_LAST_24HR,CWTH_AGED_CARE_DOSES_FIRST_DOSE,CWTH_AGED_CARE_DOSES_SECOND_DOSE,CWTH_AGED_CARE_FACILITIES_FIRST_DOSE,CWTH_AGED_CARE_FACILITIES_SECOND_DOSE,VALIDATED,URL
2021-04-09,1138866,61355,583911,42569,445224,36934,138687,5635,142130,4810,108721,3438,66559,1792,22887,1412,36473,1766,16497,674,10563,493,151125,4401,27793,804,33424,1648,15619,154,5520,238,12364,496,5186,99,1303,9,37478,2187,104383,7642,93589,7764,36495,3196,14581,1142,37743,3821,8666,527,3100,347,146667,12495,93774,44913,1094,511,Y,https://www.health.gov.au/sites/default/files/documents/2021/04/covid-19-vaccine-rollout-update-10-april-2021.pdf
2021-04-10,1166075,27209,607507,23596,465440,20216,142067,3380,143417,1287,108721,0,66865,306,23572,685,36916,443,16979,482,10563,0,151535,410,28050,257,34440,1016,15839,220,5520,0,12449,85,5186,0,1303,0,39280,1802,110247,5864,97341,3752,39014,2519,15794,1213,39224,1481,9186,520,3134,34,151500,4833,95292,46775,1116,529,Y,https://www.health.gov.au/sites/default/files/documents/2021/04/covid-19-vaccine-rollout-update-11-april-2021_0.pdf
2021-04-11,1178302,12227,616568,9061,473578,8138,142990,923,144320,903,109314,593,67146,281,23727,155,37656,740,17458,479,10578,15,151535,0,28050,0,34856,416,15839,0,5520,0,12449,0,5186,0,1303,0,39787,507,112872,2625,99084,1743,39787,773,16308,514,39657,433,9729,543,3145,11,152996,1496,95770,47220,1121,533,Y,https://www.health.gov.au/sites/default/files/documents/2021/04/covid-19-vaccine-rollout-update-12-april-2021_1.pdf
2021-04-12,1234681,56379,656809,40241,508478,34900,148331,5341,147798,3478,112419,3105,68895,1749,24614,887,39206,1550,18059,601,10987,409,155894,4359,29038,988,36618,1762,16525,686,5574,54,12730,281,5279,93,1303,0,41264,1477,121500,8628,105703,6619,43171,3384,17180,872,42368,2711,10419,690,3389,244,164748,11752,98929,49402,1152,555,Y,https://www.health.gov.au/sites/default/files/documents/2021/04/covid-19-vaccine-rollout-update-13-april-2021.pdf
2021-04-13,1295672,60991,700332,43523,547512,39034,152820,4489,152363,4565,115025,2606,70584,1689,25832,1218,40728,1522,18644,585,11527,540,160637,4743,29914,876,36923,305,16932,407,5930,356,13052,322,5328,49,1303,0,43438,2174,130441,8941,114155,8452,46484,3313,17919,739,45257,2889,10996,577,3648,259,178612,13864,101461,51359,1181,586,Y,https://www.health.gov.au/sites/default/files/documents/2021/04/covid-19-vaccine-rollout-update-14-april-2021.pdf
2021-04-14,1359305,63633,747972,47640,589280,41768,158692,5872,155928,3565,117763,2738,72263,1679,26728,896,42601,1873,19236,592,11959,432,164855,4218,31517,1603,38108,1185,17494,562,6032,102,13436,384,5366,38,1303,0,45436,1998,139854,9413,123245,9090,49929,3445,18694,775,49083,3826,11693,697,3935,287,192847,14235,105433,53259,1227,617,Y,https://www.health.gov.au/sites/default/files/documents/2021/04/covid-19-vaccine-rollout-update-15-april-2021.pdf
2021-04-15,1420577,61272,793937,45965,629289,40009,164648,5956,158498,2570,120458,2695,74046,1783,28047,1319,44150,1549,19813,577,12344,385,169284,4429,32800,1283,39607,1499,18032,538,6127,95,13811,375,5366,0,1303,0,47602,2166,150183,10329,131901,8656,53132,3203,19911,1217,52144,3061,12259,566,4165,230,205594,12747,108503,56145,1261,659,Y,https://www.health.gov.au/sites/default/files/documents/2021/04/covid-19-vaccine-rollout-update-16-april-2021.pdf
2021-04-16,1474558,53981,833192,39255,662478,33189,170714,6066,162108,3610,122865,2407,75858,1812,28630,583,45485,1335,20365,552,12753,409,173302,4018,33924,1124,40726,1119,18722,690,6211,84,14188,377,5403,37,1303,0,50237,2635,158458,8275,138532,6631,55736,2604,20814,903,54859,2715,12718,459,4504,339,216857,11263,111900,58814,1300,699,Y,https://www.health.gov.au/sites/default/files/documents/2021/04/covid-19-vaccine-rollout-update-17-april-2021.pdf
2021-04-17,1496608,22050,852776,19584,680425,17947,172351,1637,162553,445,122865,0,76082,224,28721,91,46154,669,20852,487,12753,0,173852,550,33924,0,41249,523,18722,0,6211,0,14188,0,5403,0,1303,0,51351,1114,163296,4838,141289,2757,58134,2398,21833,1019,55926,1067,13360,642,4551,47,222036,5179,112648,59703,1311,710,Y,https://www.health.gov.au/sites/default/files/documents/2021/04/covid-19-vaccine-rollout-update-18-april-2021_0.pdf
2021-04-18,1586252,9084,939626,6290,766741,5756,172885,534,164045,1492,122865,0,76244,162,28933,212,46591,437,21332,480,12764,11,173852,0,33924,0,41249,0,18722,0,6211,0,14188,0,5403,0,1303,0,51885,534,180581,1777,176136,995,69033,619,21656,160,58323,331,13248,224,4677,15,243087,1635,112982,59903,1315,713,Y,https://www.health.gov.au/sites/default/files/documents/2021/04/covid-19-vaccine-rollout-update-19-april-2021.pdf
2021-04-19,1653286,67034,990382,50756,812862,46121,177520,4635,168250,4205,126011,3146,78215,1971,29417,484,48115,1524,22056,724,13107,343,177733,3881,35348,1424,42231,982,19265,543,6307,96,14457,269,5403,0,1303,0,53206,1321,191657,11076,185685,9549,73741,4708,22982,1326,61808,3485,14257,1009,4914,237,257818,14731,115293,62227,1341,749,Y,https://www.health.gov.au/sites/default/files/documents/2021/04/covid-19-vaccine-rollout-update-20-april-2021.pdf
2021-04-20,1718107,64821,1039147,48765,855609,42747,183538,6018,172308,4058,128555,2544,80662,2447,30573,1156,49349,1234,22619,563,13459,352,181435,3702,36421,1073,43585,1354,19785,520,6291,0,14793,336,5403,0,1303,0,55957,2751,201600,9943,194952,9267,77544,3803,23956,974,65077,3269,15157,900,5216,302,272107,14289,118012,65526,1371,783,Y,https://www.health.gov.au/sites/default/files/documents/2021/04/covid-19-vaccine-rollout-update-21-april-2021.pdf
2021-04-21,1785698,67591,1089775,50628,900454,44845,189321,5783,176827,4519,131128,2573,83172,2510,31396,823,50674,1325,23122,503,13984,525,185620,4185,37725,1304,45013,1428,20055,270,6559,268,15100,307,5403,0,1303,0,58163,2206,212714,11114,204561,9609,81205,3661,25049,1093,68408,3331,15869,712,5540,324,287108,15001,120439,68882,1401,817,Y,https://www.health.gov.au/sites/default/files/documents/2021/04/covid-19-vaccine-rollout-update-22-april-2021.pdf
2021-04-22,1855601,69903,1142073,52298,947504,47050,194569,5248,182426,5599,133853,2725,85369,2197,32698,1302,52129,1455,23624,502,14617,633,188812,3192,38662,937,46571,1558,20346,291,6634,75,15382,282,5403,0,1303,0,60268,2105,225363,12649,216252,11691,84895,3690,25973,924,71523,3115,16415,546,5821,281,301262,14154,123081,71488,1436,846,Y,https://www.health.gov.au/sites/default/files/documents/2021/04/covid-19-vaccine-rollout-update-23-april-2021.pdf
2021-04-23,1914047,58446,1187143,45070,987066,39562,200077,5508,185535,3109,136196,2343,87645,2276,33305,607,53146,1017,24290,666,15042,425,191745,2933,39538,876,48462,1891,20779,433,6634,0,15610,228,5403,0,1303,0,62348,2080,234773,9410,224906,8654,88755,3860,26782,809,74622,3099,17094,679,6046,225,314088,12826,126800,73277,1482,870,Y,https://www.health.gov.au/sites/default/files/documents/2021/04/covid-19-vaccine-rollout-update-24-april-2021.pdf
2021-04-24,1933892,19845,1202530,15387,1000682,13616,201848,1771,187743,2208,136196,0,87961,316,33633,328,53620,474,24831,541,15042,0,192336,591,39538,0,49116,654,20779,0,6634,0,15610,0,5403,0,1303,0,63465,1117,238941,4168,227428,2522,90483,1728,27195,413,75024,402,17467,373,6053,7,318091,4003,127818,74030,1492,878,Y,https://www.health.gov.au/sites/default/files/documents/2021/04/covid-19-vaccine-rollout-update-25-april-2021.pdf
2021-04-25,1937300,3408,1204268,1738,1002420,1738,201848,0,188259,516,136196,0,88361,400,33633,0,53871,251,25334,503,15042,0,192336,0,39538,0,49116,0,20779,0,6634,0,15610,0,5403,0,1303,0,63465,0,239534,593,227745,317,90601,118,27346,151,75058,34,17467,0,6053,0,318616,525,127818,74030,1492,878,Y,https://www.health.gov.au/sites/default/files/documents/2021/04/covid-19-vaccine-rollout-update-26-april-2021.pdf
2021-04-26,1969337,32037,1226431,22163,1021228,18808,205203,3355,191644,3385,137087,891,89571,1210,34295,662,54273,402,25979,645,15050,8,195007,2671,40550,1012,49693,577,20938,159,6868,234,15896,286,5403,0,1303,0,64552,1087,246991,7457,227996,251,90869,268,28023,677,75314,256,17473,6,6071,18,328491,9875,131173,74030,1514,878,Y,https://www.health.gov.au/sites/default/files/documents/2021/04/covid-19-vaccine-rollout-update-27-april-2021.pdf
2021-04-27,2029544,60207,1268574,42143,1057804,36576,210770,5567,198228,6584,139489,2402,91957,2386,35316,1021,55478,1205,26584,605,15426,376,198492,3485,41843,1293,51225,1532,21160,222,7000,132,16124,228,5440,37,1303,0,66675,2123,256309,9318,236458,8462,94299,3430,28724,701,78038,2724,18134,661,6199,128,339643,11152,134495,76275,1554,910,Y,https://www.health.gov.au/sites/default/files/documents/2021/04/covid-19-vaccine-rollout-update-28-april-2021.pdf